[Theme]
FontGlobalScale = 1.000000
GlobalAlpha = 1.000000
WindowPaddingX = 8.000000
WindowPaddingY = 8.000000
WindowRounding = 6.000000
FramePaddingX = 4.000000
FramePaddingY = 3.000000
FrameRounding = 2.000000
ItemSpacingX = 8.000000
ItemSpacingY = 4.000000
ItemInnerSpacingX = 4.000000
ItemInnerSpacingY = 4.000000
IndentSpacing = 21.000000
ScrollbarSize = 16.000000
ScrollbarRounding = 4.000000
GrabMinSize = 17.000000
GrabRounding = 2.000000
WindowTitleAlignX = 0.000000
WindowTitleAlignY = 0.500000
ButtonTextAlignX = 0.500000
ButtonTextAlignY = 0.500000
Text = 0xFFFFFFFF
TextDisabled = 0xFF808080
WindowBg = 0xD0000000
ChildBg = 0x0
PopupBg = 0xF0141414
Border = 0x806E6E80
BorderShadow = 0x0
FrameBg = 0x8A294A7A
FrameBgHovered = 0x664296FA
FrameBgActive = 0xAB4296FA
TitleBg = 0xD7282828
TitleBgActive = 0xFF282828
TitleBgCollapsed = 0x82282828
MenuBarBg = 0xFF000000
ScrollbarBg = 0xCC141414
ScrollbarGrab = 0xB3424954
ScrollbarGrabHovered = 0xFF424954
ScrollbarGrabActive = 0xFF565D68
CheckMark = 0xFF4296FA
SliderGrab = 0xFF3D85E0
SliderGrabActive = 0xFFC8C8FF
Button = 0x99344870
ButtonHovered = 0xFF344870
ButtonActive = 0xFF283C68
Header = 0x73E62800
HeaderHovered = 0xCCF03200
HeaderActive = 0xCCFA3C00
Separator = 0x806E6E80
SeparatorHovered = 0xC71A66BF
SeparatorActive = 0xFF1A66BF
ResizeGrip = 0x334296FA
ResizeGripHovered = 0xAB4296FA
ResizeGripActive = 0xF24296FA
TabHovered = 0xCC4296FA
Tab = 0xDC2E5994
TabSelected = 0xFF3369AD
TabSelectedOverline = 0xFF4296FA
TabDimmed = 0xF8111A26
TabDimmedSelected = 0xFF23436C
TabDimmedSelectedOverline = 0xFF808080
DockingPreview = 0xB34296FA
DockingEmptyBg = 0xFF333333
PlotLines = 0xFF9C9C9C
PlotLinesHovered = 0xFFFF6E59
PlotHistogram = 0xFFE6B300
PlotHistogramHovered = 0xFFFF9900
TableHeaderBg = 0xFF303033
TableBorderStrong = 0xFF4F4F59
TableBorderLight = 0xFF3B3B40
TableRowBg = 0x0
TableRowBgAlt = 0xFFFFFFF
TextSelectedBg = 0x594296FA
DragDropTarget = 0xE6FFFF00
NavHighlight = 0xFF4296FA
NavWindowingHighlight = 0xB3FFFFFF
NavWindowingDimBg = 0x33CCCCCC
ModalWindowDimBg = 0x59CCCCCC
